%% Инициализация параметров 
global PAR PMAX
PAR=  [1.700E05    5            8.400E06     3.000E07     2.300E07  ... 
    -0.700E06    0.00E00      0.093E00     0.006E00     0.145E-01 ...
     0.586E-01  -0.518E-01    0.876E-01   -1.920E-04    8.110E-05 ...
     0.000E00   -2.330E-03    5.020E-04   -1.340E-05    0.515E-01 ...
    -3.215E-02   5.300E-04   -0.185E-01   -0.465E-01   -1.290E01  ...
    -5.000E00   -0.152E-01   -0.344E-02   -0.064E-02    5.200E-05 ...
    -0.145E-02  -1.700E-04   -0.120E-02   -0.430E00    -3.833E-03 ...
     1.133E-03  -0.075E00    -8.250E-03   -0.280E-02   -0.002E00  ...
     0.020E00    0.215E-01   -1.300E-03   -0.300E00     8.330E-04 ...
     8.700E-05   000E00       2.500E01     0.330E03     4.806E01  ...
     7.570E00   -3.9026       3.0];
PMAX = 260000.0;
%%постоянные времени двигателя и руля высоты
T_THROTTLE = 5.0;
T_ELEV=0.1;
T_RUD=1.0/20.2;
T_AIL=1.0/20.2;